# Pruebas Ajustes
y <- c(6.135, 8.343, 5.614, 1.394, -6.969, -0.930, 6.078)
x <- c(33, 33.9, 30.4, 32.7, 31.8, 29.9, 34.5)
